00000000000000000000000000000000000000000000000000000000000000000000000000000000000000044444444444444444444444444444444444444444444444444
00000000000000000000000000000000000000000000000000000000000000000000000000000000000000044444444444444444444444444444444444444444444444444
00000000000000000000000000000000000000000000000000000000000000000000000000000000000000044444444444445444444444444444444444444444444444444
00000000000000000000000000000000000000000000000000000000000000000000000000000000000000044444445444444444444444444444444444444444444444444
00000000000000000000000000000000000000000000000000000000000000000000000000000000000000044444444444444444444444444444444444444444444444444
0000000000000000000000000000000000000000000000000000000000000000000000000000000000000000444444454444444444444444444444444444444444444444444
0000000000000000000000000000000000000000000000000000000000000000000000000000000000000000444444444444444444444444444444444444444444444444444
000000000000000000000000000000000000000000000000000000000000000000000000000000000000000044454444444444444444444444444444444444444444444444
000000000000000000000000000000000000000000000000000000000000000000000000000000000000000044444444444444444444444444444444444444444444444444444
0000000000000000000000000000000000000000000000000000000000000000000000000000000000000000000044444444444544444444444444444444444444444444444444444400000000000000000000044400040004004400000000000
100000000000000000000000000000000000000000000000000000000000000000000000000000000000000000000004444444444445444444444444444445444444444444444444440000000000000000000004000005500400404400000000
1000000000000000000000000000000000000000000000000000000000002200000000000000000000000000000000000000000044444444444444444444444444444444444444444444400000000000000000045400040404005000400000000
100000022222000000000000000000000000000000000000000000000022110000000000000000000000000000000000000000000000000004444444444444444000000000044444444444444444445400000004000004004400400500000000
1000000000000000000000000000000000000000000000000022000000111100000000000000000000033333000000044444400000000000004444444444444000000000000000044544544444444444444400044400040004004440000000000
12000000000000000220000002200022220000000222000000000000000000000000333333300000003111113300000044544444444440000000444444444440000000000000000044444444444444444444444440000000000000000000000000
112222222222222221100000211200111100000001110000000000000000000000001111111000000000000000000000044444454444444444000004444444000000000000000000044444444444444444444444440000000000000000000000
1111111111111111111000021111001111000000000000000000000000000000000011111110000000000000000000000445444444444444444400000000000000000000000000000000000000000000000000000000000000000000
111111111111111111100000110000000000000000000000000000000000000000001111111000000000000000000000045444444444444444444444444444400003000030000004445444444444444444444444444333330000033333
1111111111111111111000000000000000000000000000000000000000000000000011411110000000000000000000000444444444454444444444444444444000000000000000004444444444444444444444454444
44111444111111111110000000000000000000000000000000000000000000000000144111100000000000000000000004444444444444444444444544444444000000000000000044444445444444445444444444444444444
4444444444444444444444444444444444444444444444444444444444444000000001111000444444444444444444444444444444444444444444444444444400000000000000004444444444444444444444
4444444444444444444454444444444444444444444444444444454444444444444400000044444444444444444444444444444444444444444444444444444000000000000000004444444444444444444444444444444444444444444444444444444444
44444444444444444444444444444444444444444444444444444444444444444544444444444444444444444444444444444444444454444444444444444444444444444444444444444444444444444444444544444444444444444444
44444444444444444444444444444444444454444444444444444444444444444444444444444454444444444444444444444444444444444444444444444444444444444444444444444444444444445444444444444444444444444444
44444444454444444444444444444444444444444444444444444444444444444444444444444444444444444444444444444444444444444444444444444444444444444444444444444444444444444444444444444444444444444444
44444444444444444444444444444444544444444444444444444444444444444444444444444444444444444444444444444444444444444444444444444444444444444444444444444444444444444444444444444444444444444444
44444444444444444444444444444444444444444444444444544444444444444444444444444444444444444444444444444444444444444444444444444444444444444444444444444444444444444444444444444444444444444444
444444444444444444444444444444444444444444444444444444444444444444444444444444444444444444444444444444444444444444444444444444444444444444444444444444444444444444444444444444444444